0 10.0
1 8.6
2 8.4
3 9.8
4 9.0
5 10.0
6 8.6
7 9.6
8 9.2
9 9.4
10 9.8
11 9.0
12 9.6
13 10.4
14 8.2
15 8.4
16 10.0
17 9.6
18 10.2
19 8.8
20 10.0
21 10.8
22 9.6
23 9.8
24 10.6
25 9.0
26 10.2
27 10.6
28 10.2
29 11.0
30 9.4
31 9.8
32 10.6
33 10.0
34 9.4
35 11.0
36 10.6
37 10.8
38 8.4
39 10.0
40 10.0
41 9.4
42 10.0
43 9.6
44 10.2
45 9.6
46 9.2
47 9.6
48 9.2
49 10.6
50 10.2
51 8.6
52 10.4
53 11.0
54 10.8
55 10.4
56 12.0
57 9.8
58 11.0
59 10.0
60 11.2
61 10.4
62 10.8
63 10.8
64 10.6
65 9.6
66 10.8
67 9.8
68 10.4
69 10.4
70 9.4
71 10.4
72 10.0
73 10.8
74 10.0
75 9.0
76 11.2
77 9.6
78 9.6
79 10.2
80 9.8
81 9.8
82 11.4
83 9.8
84 10.4
85 9.8
86 9.6
87 9.8
88 9.8
89 10.4
90 8.8
91 8.8
92 10.0
93 9.4
94 9.8
95 9.6
96 11.0
97 10.2
98 9.6
99 9.6
100 10.6
101 9.0
102 9.6
103 10.4
104 9.2
105 10.8
106 9.4
107 9.2
108 10.6
109 9.0
110 9.8
111 10.6
112 9.2
113 10.0
114 10.4
115 9.4
116 10.6
117 10.0
118 9.2
119 9.4
120 10.0
121 10.0
122 8.6
123 10.0
124 10.0
125 9.8
126 10.6
127 9.2
128 10.6
129 10.6
130 10.4
131 11.4
132 10.4
133 9.2
134 11.0
135 10.8
136 10.2
137 10.6
138 9.8
139 11.6
140 12.6
141 10.2
142 11.8
143 10.8
144 14.2
145 12.0
146 11.2
147 11.0
148 12.4
149 12.0
150 11.6
151 11.0
152 11.2
153 10.6
154 11.4
155 11.6
156 10.8
157 11.8
158 11.4
159 10.0
160 10.8
161 10.0
162 9.8
163 11.6
164 10.4
165 10.6
166 12.2
167 10.6
168 10.8
169 10.6
170 10.0
171 11.8
172 9.8
173 10.0
174 10.4
175 10.0
176 9.8
177 10.6
178 10.4
179 9.6
180 10.6
181 10.4
182 9.4
183 10.2
184 13.0
185 10.8
186 10.6
187 10.8
188 10.0
189 11.2
190 10.0
191 10.6
192 11.0
193 11.0
194 11.2
195 10.2
196 11.2
197 11.0
198 10.2
199 10.2
200 12.2
201 10.2
202 11.0
203 10.0
204 10.0
205 9.2
206 9.8
207 10.6
208 11.2
209 10.0
210 10.0
211 9.6
212 11.2
213 11.0
214 9.6
215 11.4
216 11.2
217 10.8
218 11.2
219 10.8
220 11.4
221 11.8
222 10.8
223 12.2
224 10.6
225 11.4
226 10.8
227 11.6
228 11.8
229 10.0
230 12.8
231 10.8
232 10.2
233 11.2
234 10.0
235 10.8
236 10.0
237 10.8
238 11.0
239 10.4
240 9.0
241 11.4
242 10.0
243 10.6
244 10.4
245 9.6
246 10.2
247 9.6
248 10.2
249 10.0
250 10.0
251 9.6
252 10.4
253 10.4
254 9.8
255 9.0
256 10.0
257 10.4
258 9.8
259 11.8
260 9.8
261 11.4
262 11.2
263 10.6
264 11.0
265 11.6
266 10.8
267 10.8
268 11.6
269 11.4
270 11.4
271 10.4
272 11.6
273 11.0
274 11.6
275 11.2
276 10.8
277 10.6
278 10.2
279 9.8
280 11.2
281 9.8
282 10.2
283 10.2
284 10.4
285 10.2
286 9.2
287 10.2
288 10.0
289 9.6
290 9.8
291 10.2
292 9.0
293 11.4
294 11.2
295 10.2
296 12.0
297 11.0
298 12.2
299 10.4
300 10.6
301 12.4
302 10.6
303 11.0
304 11.8
305 10.4
306 11.2
307 11.2
308 10.4
309 11.6
310 9.6
311 10.8
312 9.0
313 9.4
314 9.8
315 8.8
316 8.0
317 7.0
318 6.0
319 7.2
320 5.8
321 4.0
322 4.4
323 3.2
324 2.2
325 2.2
326 1.4
327 2.0
328 1.4
329 1.2
330 0.4
331 1.2
332 1.0
333 1.0
334 0.8
335 0.4
336 1.6
337 0.6
338 0.8
339 0.4
340 0.8
341 0.8
342 0.6
343 1.4
344 2.2
345 1.2
346 1.0
347 1.0
348 2.2
349 1.6
350 3.2
351 2.4
352 4.8
353 4.4
354 5.0
355 5.6
356 7.4
357 7.0
358 5.8
359 4.0
360 4.4
361 3.2
362 2.2
363 2.2
364 1.4
365 2.0
366 1.4
367 1.2
368 0.4
369 1.2
370 1.0
371 1.0
372 0.8
373 0.4
374 1.6
375 0.6
376 0.8
377 0.4
378 0.8
379 0.8
380 0.6
381 1.4
382 2.2
383 1.2
384 1.0
385 1.0
386 2.2
387 1.6
388 3.2
389 2.4
390 4.8
391 4.4
392 5.0
393 5.6
394 7.4
395 7.0
396 8.2
397 7.2
398 8.6
399 9.6
400 8.0
401 8.6
402 8.2
403 7.8
404 8.8
405 7.2
406 6.4
407 6.6
408 5.0
409 4.6
410 4.4
411 5.0
412 3.0
413 2.8
414 2.6
415 2.4
416 1.2
417 1.6
418 1.2
419 1.6
420 1.2
421 1.0
422 0.6
423 0.2
424 0.8
425 0.6
426 1.0
427 0.8
428 0.6
429 0.6
430 0.6
431 1.0
432 1.0
433 1.0
434 1.2
435 1.6
436 1.4
437 1.6
438 3.0
439 3.6
440 4.2
441 5.6
442 5.4
443 7.0
444 8.0
445 7.0
446 9.2
447 8.6
448 9.8
449 9.8
450 8.0
451 9.8
452 9.4
453 9.0
454 9.8
455 8.2
456 7.8
457 10.2
458 7.2
459 8.8
460 5.4
461 3.8
462 5.4
463 3.2
464 3.0
465 3.0
466 2.8
467 2.2
468 1.8
469 1.4
470 1.4
471 1.2
472 1.2
473 1.8
474 1.2
475 1.6
476 0.6
477 0.6
478 0.6
479 0.6
480 0.4
481 1.2
482 1.4
483 0.6
484 1.2
485 0.4
486 1.2
487 1.2
488 1.8
489 1.8
490 2.6
491 2.8
492 3.0
493 4.6
494 6.2
495 5.6
496 7.2
497 7.0
498 9.2
499 9.2
500 8.0
501 9.8
502 9.6
503 9.6
504 11.8
505 10.6
506 10.8
507 10.6
508 9.4
509 9.6
510 9.8
511 9.2
512 8.6
513 7.4
514 7.6
515 5.8
516 5.2
517 3.4
518 3.6
519 2.8
520 2.4
521 2.4
522 2.2
523 1.0
524 1.6
525 0.6
526 1.8
527 0.8
528 1.4
529 1.0
530 1.4
531 2.2
532 0.6
533 2.0
534 1.6
535 2.6
536 1.4
537 1.6
538 3.0
539 3.4
540 3.0
541 5.2
542 5.8
543 6.4
544 8.2
545 6.2
546 9.2
547 9.6
548 9.4
549 12.4
550 11.4
551 11.8
552 12.4
553 12.2
554 12.8
555 12.2
556 13.0
557 13.4
558 14.2
559 14.6
560 13.4
561 13.0
562 13.6
563 13.2
564 13.8
565 14.2
566 13.6
567 15.2
568 14.0
569 14.8
570 14.6
571 14.0
572 14.4
573 14.4
574 14.6
575 15.2
576 14.2
577 14.4
578 15.6
579 13.8
580 15.2
581 14.8
582 15.2
583 15.6
584 15.0
585 15.6
586 14.6
587 15.2
588 15.0
589 14.4
590 15.6
591 15.6
592 14.2
593 16.8
594 16.0
595 16.4
596 15.4
597 15.2
598 16.2
599 15.0
600 15.6
601 15.0
602 15.8
603 16.0
604 15.6
605 16.0
606 16.8
607 15.0
608 18.4
609 17.0
610 15.6
611 16.8
612 15.2
613 16.8
614 16.6
615 16.2
616 17.0
617 17.0
618 17.8
619 17.6
620 16.8
621 17.2
622 17.2
623 17.0
624 17.8
625 17.2
626 17.4
627 17.0
628 18.6
629 17.6
630 18.6
631 16.8
632 17.4
633 16.4
634 16.6
635 16.6
636 16.4
637 17.0
638 16.6
639 17.2
640 17.0
641 17.2
642 18.2
643 17.4
644 18.0
645 17.8
646 17.6
647 18.4
648 17.8
649 17.6
650 17.2
651 17.2
652 18.2
653 18.0
654 18.8
655 17.6
656 16.8
657 18.0
658 17.0
659 18.0
660 17.6
661 17.2
662 16.8
663 17.4
664 16.8
665 17.6
666 17.0
667 17.2
668 18.2
669 17.0
670 17.0
671 17.4
672 17.0
673 17.6
674 17.2
675 17.4
676 16.4
677 16.4
678 17.0
679 16.8
680 17.6
681 16.4
682 17.4
683 17.2
684 16.6
685 17.0
686 18.6
687 17.0
688 18.0
689 16.8
690 18.6
691 18.0
692 17.4
693 17.6
694 19.6
695 17.8
696 20.0
697 18.2
698 19.0
699 19.0
700 18.6
701 19.2
702 19.2
703 17.8
704 18.6
705 20.6
706 18.8
707 18.0
708 17.4
709 17.4
710 19.2
711 17.6
712 17.6
713 18.2
714 18.4
715 18.4
716 17.0
717 17.6
718 17.2
719 17.0
720 16.8
721 15.6
722 16.8
723 16.6
724 16.8
725 16.6
726 16.0
727 17.8
728 17.2
729 16.8
730 18.4
731 16.6
732 17.2
733 16.8
734 16.8
735 17.8
736 17.6
737 16.6
