x y
0 11.4
1 12.0
2 10.6
3 11.8
4 10.6
5 10.4
6 10.4
7 11.8
8 10.4
9 11.4
10 10.8
11 11.6
12 11.8
13 11.4
14 12.2
15 10.6
16 12.2
17 11.0
18 11.4
19 11.6
20 11.6
21 11.2
22 11.4
23 11.2
24 11.8
25 11.8
26 10.8
27 11.4
28 11.2
29 12.6
30 10.4
31 11.8
32 11.0
33 10.8
34 10.8
35 11.6
36 11.6
37 12.0
38 12.8
39 11.0
40 11.4
41 12.2
42 12.2
43 11.8
44 12.2
45 12.6
46 12.6
47 12.6
48 11.6
49 11.2
50 11.0
51 12.4
52 11.4
53 13.4
54 10.8
55 11.4
56 11.4
57 11.4
58 11.0
59 11.2
60 10.4
61 10.6
62 10.0
63 8.6
64 9.6
65 8.6
66 9.0
67 7.8
68 8.0
69 7.4
70 8.4
71 7.8
72 8.4
73 7.0
74 8.4
75 9.8
76 8.4
77 9.2
78 8.8
79 9.4
80 8.8
81 8.8
82 8.2
83 8.0
84 9.0
85 8.8
86 8.6
87 8.8
88 9.0
89 8.0
90 7.6
91 8.2
92 8.0
93 8.0
94 8.0
95 9.0
96 8.2
97 9.8
98 8.4
99 9.6
100 7.0
101 8.0
102 9.2
103 8.2
104 8.6
105 8.2
106 8.6
107 8.8
108 8.0
109 8.8
110 8.6
111 7.6
112 8.4
113 8.2
114 8.8
115 7.6
116 9.6
117 8.8
118 9.2
119 10.8
120 10.4
121 9.8
122 10.0
123 10.4
124 11.2
125 10.6
126 9.2
127 11.8
128 10.6
129 12.8
130 10.0
131 10.0
132 9.4
133 9.6
134 9.2
135 9.0
136 9.0
137 7.4
138 7.6
139 8.8
140 9.2
141 8.0
142 8.6
143 8.8
144 9.6
145 8.4
146 8.6
147 8.6
148 8.8
149 8.6
150 8.2
151 8.2
152 8.0
153 8.0
154 8.6
155 8.0
156 8.6
157 9.4
158 8.6
159 9.6
160 8.0
161 8.4
162 8.8
163 8.6
164 8.4
165 8.2
166 9.4
167 8.4
168 7.0
169 8.0
170 8.4
171 9.0
172 9.6
173 9.8
174 11.0
175 9.2
176 10.6
177 9.2
178 9.8
179 10.0
180 10.2
181 9.8
182 10.4
183 10.4
184 10.8
185 11.0
186 10.8
187 10.6
188 10.4
189 10.0
190 10.0
191 10.6
192 9.8
193 10.0
194 8.6
195 10.0
196 10.0
197 9.4
198 9.0
199 10.0
200 9.4
201 8.2
202 9.4
203 6.0
204 7.6
205 7.8
206 6.2
207 4.6
208 4.8
209 4.2
210 4.0
211 2.4
212 3.4
213 1.6
214 2.0
215 2.4
216 2.2
217 1.6
218 1.2
219 1.2
220 1.4
221 1.6
222 1.0
223 1.4
224 1.0
225 0.8
226 1.4
227 0.6
228 1.4
229 1.2
230 1.6
231 1.6
232 2.6
233 2.2
234 4.0
235 3.8
236 4.6
237 7.4
238 5.6
239 5.6
240 6.6
241 6.8
242 8.0
243 8.0
244 7.0
245 7.6
246 5.6
247 6.6
248 4.0
249 4.6
250 3.6
251 3.0
252 2.6
253 2.8
254 2.2
255 1.2
256 1.6
257 1.6
258 1.0
259 0.8
260 1.2
261 1.0
262 0.6
263 0.8
264 0.6
265 1.2
266 1.6
267 0.8
268 1.2
269 2.0
270 1.8
271 1.6
272 2.4
273 2.2
274 3.2
275 3.2
276 4.6
277 4.4
278 6.0
279 5.8
280 6.4
281 6.6
282 6.6
283 6.6
284 7.8
285 7.2
286 5.6
287 6.6
288 4.6
289 4.4
290 4.4
291 3.4
292 2.8
293 3.2
294 2.0
295 1.6
296 1.6
297 1.6
298 1.4
299 1.4
300 1.2
301 0.6
302 1.0
303 0.6
304 0.8
305 1.0
306 1.0
307 1.4
308 1.2
309 1.2
310 2.0
311 1.6
312 2.6
313 2.0
314 3.8
315 3.6
316 4.6
317 4.6
318 5.6
319 6.6
320 5.8
321 8.0
322 6.2
323 7.0
324 6.4
325 7.8
326 6.2
327 5.0
328 5.2
329 5.4
330 3.6
331 3.6
332 3.0
333 1.8
334 2.0
335 0.8
336 1.4
337 0.8
338 1.0
339 3.0
340 1.4
341 0.6
342 0.8
343 1.0
344 1.2
345 0.8
346 1.0
347 1.0
348 1.4
349 1.0
350 2.0
351 2.0
352 2.4
353 2.6
354 3.6
355 3.4
356 4.8
357 5.6
358 7.2
359 6.2
360 8.0
361 8.4
362 7.0
363 8.4
364 7.8
365 8.4
366 6.4
367 7.2
368 6.2
369 6.4
370 4.6
371 5.2
372 4.2
373 2.6
374 2.4
375 2.2
376 3.2
377 1.8
378 1.8
379 1.0
380 1.4
381 0.8
382 1.0
383 1.6
384 1.2
385 0.8
386 1.2
387 1.4
388 1.4
389 1.6
390 1.2
391 1.4
392 2.2
393 2.2
394 3.0
395 3.4
396 4.4
397 5.2
398 5.4
399 6.8
400 8.8
401 8.8
402 9.2
403 10.4
404 9.4
405 11.6
406 10.2
407 10.8
408 10.4
409 11.4
410 11.8
411 11.8
412 11.4
413 10.8
414 11.0
415 10.8
416 11.6
417 12.4
418 12.2
419 12.2
420 12.0
421 12.2
422 12.6
423 12.2
424 13.6
425 12.6
426 12.6
427 13.8
428 12.4
429 14.6
430 15.4
431 14.0
432 12.0
433 13.2
434 12.6
435 12.8
436 13.2
437 15.2
438 13.6
439 12.4
440 13.2
441 13.2
442 13.0
443 13.4
444 13.4
445 11.8
446 12.8
447 13.2
448 14.0
449 13.2
450 13.4
451 12.6
452 13.2
453 13.4
454 12.6
455 14.2
456 12.6
457 13.2
458 12.4
459 12.6
460 12.2
461 14.2
462 13.4
463 13.2
464 13.6
465 13.6
466 13.8
467 13.4
468 14.4
469 13.2
470 14.0
471 13.0
472 13.4
473 13.2
474 14.0
475 12.8
476 13.8
477 13.4
478 12.6
479 13.4
480 13.6
481 14.0
482 13.0
483 13.8
484 13.6
485 12.8
486 12.8
487 12.6
488 13.2
489 13.0
490 13.4
491 13.0
492 13.8
493 13.2
494 14.0
495 12.8
496 14.4
497 13.0
498 12.8
499 13.4
500 13.6
501 13.0
502 12.4
503 13.0
504 11.8
505 13.6
506 12.8
507 12.8
508 13.2
509 13.6
510 12.2
511 12.6
512 13.0
513 13.4
514 12.8
515 13.4
516 15.0
517 13.2
518 13.2
519 13.2
520 14.4
521 12.6
522 13.8
523 13.8
524 13.6
525 12.8
526 13.8
527 13.4
528 14.2
529 13.4
530 13.4
531 13.8
532 13.2
533 13.8
534 13.8
535 13.6
536 13.6
537 14.0
538 13.4
539 14.0
540 13.6
541 12.2
542 13.8
543 13.0
544 14.4
545 12.4
546 13.0
547 12.4
548 13.4
549 12.8
550 12.4
551 12.0
552 11.2
553 12.4
554 11.4
555 12.0
556 11.4
557 11.8
558 9.6
559 9.2
560 9.2
561 10.2
562 10.8
563 10.2
564 10.0
565 10.4
566 10.6
567 10.4
568 10.6
569 10.0
570 10.2
571 10.4
572 10.2
573 10.0
574 10.4
575 10.8
576 10.4
577 10.2
578 10.4
579 10.6
580 10.6
581 10.6
582 10.2
583 10.4
584 10.2
585 10.4
586 10.4
587 10.6
588 10.0
589 10.4
590 10.2
591 10.4
592 10.0
593 10.0
594 10.2
595 10.2
596 10.8
597 10.6
598 10.6
599 10.0
600 10.0
601 10.6
602 10.6
603 10.2
604 10.6
605 10.8
606 10.6
607 10.4
608 10.2
609 10.6
610 10.2
611 10.8
612 10.4
613 10.8
614 10.6
615 10.6
616 8.6
617 8.6
618 9.0
619 9.4
620 9.8
621 9.2
622 9.8
623 9.6
624 11.2
625 11.8
626 11.0
627 10.8
628 11.2
629 12.4
630 10.8
631 11.4
632 11.0
633 10.4
634 10.8
635 11.0
636 11.8
637 10.4
638 11.8
639 10.0
640 11.2
641 11.0
642 11.4
643 10.2
644 11.6
645 10.6
646 11.8
647 11.4
648 12.2
649 11.4
650 11.0
651 11.8
652 13.6
653 11.6
654 10.8
655 10.6
656 12.6
657 12.0
658 11.0
659 12.2
660 11.0
661 11.2
662 11.4
663 10.6
664 11.8
665 11.6
666 11.2
667 10.2
668 11.2
669 11.8
670 11.4
671 10.4
672 11.8
673 11.8
674 11.2
675 11.8
676 11.8
677 10.8
678 11.0
679 12.2
680 12.0
681 11.8
682 12.0
683 11.6
684 11.8
685 10.6
686 11.8
687 10.2
688 12.2
689 11.0
690 12.0
691 11.4
692 11.6
693 11.6
694 10.6
695 13.0
696 11.6
697 11.4
698 11.2
699 11.4
